15 0.25741379310344825 0.13227011494252874 0.20448275862068965 0.1929310344827586
15 0.4492816091954023 0.1249712643678161 0.16379310344827586 0.14741379310344827
15 0.6101724137931035 0.1939367816091954 0.13192528735632184 0.16149425287356323
15 0.7655459770114943 0.17227011494252875 0.1464942528735632 0.14471264367816092
15 0.7629022988505747 0.30508620689655175 0.14471264367816092 0.14063218390804597
15 0.5947126436781609 0.3508045977011494 0.1982471264367816 0.20117816091954024
15 0.4072701149425287 0.416235632183908 0.21241379310344827 0.1728448275862069
15 0.18778735632183907 0.22198275862068967 0.20229885057471267 0.13364942528735632
15 0.20945402298850574 0.5054885057471264 0.21908045977011492 0.17456896551724138
15 0.23686781609195404 0.3718103448275862 0.16778735632183908 0.12382183908045978
15 0.2596264367816092 0.6760919540229885 0.18238505747126438 0.14439655172413793
15 0.13011494252873562 0.786580459770115 0.21511494252873564 0.17086206896551726
15 0.11109195402298849 0.9566666666666667 0.16827586206896553 0.08663793103448275
15 0.3181896551724138 0.919109195402299 0.17132183908045975 0.16181034482758622
15 0.49060344827586205 0.8630172413793104 0.18014367816091953 0.18054597701149425