15 0.21896551724137933 0.634080459770115 0.2425 0.2460919540229885
15 0.3314655172413793 0.4464942528735632 0.21551724137931033 0.22896551724137934
15 0.5082758620689655 0.35919540229885055 0.197816091954023 0.20913793103448275
15 0.5027586206896552 0.17557471264367816 0.24422413793103448 0.20879310344827584
15 0.7631321839080459 0.16695402298850576 0.22563218390804596 0.24017241379310345
15 0.881580459770115 0.35258620689655173 0.21499999999999997 0.22238505747126436
15 0.9281609195402298 0.5722126436781609 0.14367816091954022 0.16129310344827588
15 0.6488505747126437 0.6738793103448275 0.19603448275862068 0.21954022988505748
15 0.5573563218390805 0.8458045977011494 0.19867816091954024 0.18318965517241378
15 0.4393103448275862 0.6623850574712643 0.23672413793103447 0.2319252873563218
15 0.6897413793103448 0.38175287356321835 0.16729885057471264 0.21